<?xml version="1.0" encoding="UTF-8"?>
<struktogramm fontfamily="83;101;114;105;102;" fontstyle="0" fontsize="15" caption="-1;">
  <strelem typ="0" zx="0" zy="0" textcolor="-16777216" bgcolor="-10066177">
    <text>73;109;112;111;114;116;105;101;114;117;110;103;101;110;32;118;111;110;32;78;117;109;112;121;32;98;97;115;101;54;52;32;66;121;116;101;115;73;79;32;77;97;116;112;108;111;116;108;105;98;46;102;105;103;117;114;101;</text>
  </strelem>
  <strelem typ="1" zx="0" zy="0" textcolor="-16777216" bgcolor="-16776961">
    <text>86;101;114;115;117;99;104;101;32;66;101;114;101;105;99;104;32;122;117;32;98;101;114;101;99;104;110;101;110;</text>
    <text>66;101;114;101;99;104;110;101;32;68;111;109;97;105;110;108;105;115;116;101;</text>
    <text>69;114;122;101;117;103;101;32;78;117;109;112;121;32;65;114;114;97;121;</text>
    <fall fallname="79;104;110;101;32;70;101;104;108;101;114;">
      <strelem typ="0" zx="0" zy="0" textcolor="-16777216" bgcolor="-1">
        <text>70;97;104;114;101;32;102;111;114;116;</text>
      </strelem>
      <strelem typ="1" zx="0" zy="0" textcolor="-16777216" bgcolor="-16776961">
        <text>86;101;114;115;117;99;104;101;32;65;117;115;100;114;117;99;107;32;122;117;32;118;101;114;97;114;98;101;105;116;101;110;</text>
        <text>75;111;112;105;101;114;101;32;100;101;110;32;78;97;109;101;115;112;97;99;101;</text>
        <text>66;101;114;101;99;104;110;101;32;100;105;101;32;121;45;87;101;114;116;101;</text>
        <fall fallname="79;104;110;101;32;70;101;104;108;101;114;">
          <strelem typ="0" zx="0" zy="0" textcolor="-16777216" bgcolor="-1">
            <text>69;114;122;101;117;103;101;32;112;108;111;116;32;79;98;106;101;107;116;</text>
          </strelem>
          <strelem typ="0" zx="0" zy="0" textcolor="-16777216" bgcolor="-1">
            <text>69;114;115;116;101;108;108;101;32;71;105;116;116;101;114;</text>
          </strelem>
          <strelem typ="0" zx="0" zy="0" textcolor="-16777216" bgcolor="-1">
            <text>66;101;114;101;99;104;110;101;32;71;114;97;112;104;101;110;32;100;101;114;32;70;117;110;107;116;105;111;110;</text>
          </strelem>
          <strelem typ="0" zx="0" zy="0" textcolor="-16777216" bgcolor="-1">
            <text>69;114;122;101;117;103;101;32;101;105;110;101;110;32;66;117;102;102;101;114;</text>
          </strelem>
          <strelem typ="0" zx="0" zy="0" textcolor="-16777216" bgcolor="-13369549">
            <text>83;112;101;105;99;104;101;114;101;32;80;108;111;116;32;97;117;102;32;66;117;102;102;101;114;</text>
          </strelem>
          <strelem typ="0" zx="0" zy="0" textcolor="-16777216" bgcolor="-13369549">
            <text>69;110;99;111;100;105;101;114;101;32;66;117;102;102;101;114;</text>
          </strelem>
          <strelem typ="0" zx="0" zy="0" textcolor="-16777216" bgcolor="-13369549">
            <text>71;101;98;101;32;101;110;99;111;100;105;101;114;116;101;115;32;66;105;108;100;32;122;117;114;252;99;107;</text>
          </strelem>
        </fall>
        <fall fallname="70;101;104;108;101;114;">
          <strelem typ="0" zx="0" zy="0" textcolor="-16777216" bgcolor="-65485">
            <text>69;114;122;101;117;103;101;32;70;101;104;108;101;114;109;101;108;100;117;110;103;115;112;108;111;116;</text>
          </strelem>
          <strelem typ="0" zx="0" zy="0" textcolor="-16777216" bgcolor="-13369549">
            <text>83;112;101;105;99;104;101;114;101;32;80;108;111;116;32;97;117;102;32;66;117;102;102;101;114;</text>
          </strelem>
          <strelem typ="0" zx="0" zy="0" textcolor="-16777216" bgcolor="-13369549">
            <text>69;110;99;111;100;105;101;114;101;32;66;117;102;102;101;114;</text>
          </strelem>
          <strelem typ="0" zx="0" zy="0" textcolor="-16777216" bgcolor="-13369549">
            <text>71;101;98;101;32;101;110;99;111;100;105;101;114;116;101;115;32;66;105;108;100;32;122;117;114;252;99;107;</text>
          </strelem>
        </fall>
      </strelem>
    </fall>
    <fall fallname="70;101;104;108;101;114;">
      <strelem typ="0" zx="0" zy="0" textcolor="-16777216" bgcolor="-65485">
        <text>69;114;122;101;117;103;101;32;70;101;104;108;101;114;109;101;108;100;117;110;103;115;112;108;111;116;</text>
      </strelem>
      <strelem typ="0" zx="0" zy="0" textcolor="-16777216" bgcolor="-13369549">
        <text>83;112;101;105;99;104;101;114;101;32;80;108;111;116;32;97;117;102;32;66;117;102;102;101;114;</text>
      </strelem>
      <strelem typ="0" zx="0" zy="0" textcolor="-16777216" bgcolor="-13369549">
        <text>69;110;99;111;100;105;101;114;101;32;66;117;102;102;101;114;</text>
      </strelem>
      <strelem typ="0" zx="0" zy="0" textcolor="-16777216" bgcolor="-13369549">
        <text>71;101;98;101;32;101;110;99;111;100;105;101;114;116;101;115;32;66;105;108;100;32;122;117;114;252;99;107;</text>
      </strelem>
    </fall>
  </strelem>
</struktogramm>

